comp_time	count
2054	1
2055	1
10	5
11	34
12	109
13	198
14	221
15	152
16	149
17	133
18	127
19	127
20	95
21	94
22	97
23	101
24	82
25	94
26	84
27	91
28	101
29	89
30	86
31	74
32	65
33	96
34	76
35	73
36	85
37	81
38	61
39	63
40	62
41	64
42	81
43	63
44	64
45	61
46	63
47	33
48	79
49	81
50	55
51	68
52	58
53	51
54	54
55	56
56	49
57	44
58	36
59	53
60	51
61	56
62	46
63	57
64	49
65	39
66	38
67	41
68	49
69	53
70	50
71	44
72	33
73	40
74	49
75	52
76	43
77	53
78	47
79	53
80	31
81	44
82	43
83	32
84	35
85	58
86	34
87	39
88	37
89	52
90	34
91	29
92	26
93	26
94	40
95	38
96	48
97	37
98	38
99	48
100	29
101	31
102	37
103	27
104	39
105	25
106	33
107	35
108	33
109	36
110	31
111	39
112	32
113	36
114	27
115	31
116	35
117	42
118	28
119	29
120	22
121	33
122	22
123	28
124	21
125	30
126	32
127	23
128	33
129	17
130	31
131	31
132	36
133	32
134	31
135	31
136	28
137	36
138	37
139	31
140	24
141	21
142	22
143	29
144	27
145	20
146	21
147	22
148	29
149	26
150	22
151	18
152	23
153	30
154	19
155	15
156	15
157	23
158	16
159	21
160	23
161	18
162	17
163	24
164	28
165	30
166	28
167	15
168	19
169	19
170	23
171	28
172	18
173	15
174	19
175	22
176	27
177	17
178	21
179	15
180	19
181	23
182	17
183	20
184	20
185	19
186	19
187	15
188	25
189	13
190	21
191	19
192	22
193	13
194	14
195	17
196	23
197	20
198	12
199	23
200	12
201	18
202	20
203	17
204	16
205	15
206	25
207	21
208	19
209	17
210	11
211	15
212	19
213	18
214	15
215	19
216	17
217	19
218	20
219	20
220	20
221	9
222	11
223	11
224	11
225	11
226	25
227	12
228	23
229	15
230	22
231	18
232	24
233	15
234	17
235	11
236	20
237	5
238	14
239	20
240	17
241	14
242	15
243	15
244	11
245	19
246	12
247	18
248	14
249	11
250	14
251	13
252	13
253	17
254	12
255	14
256	12
257	9
258	12
259	17
260	19
261	12
262	12
263	8
264	8
265	11
266	10
267	14
268	16
269	11
270	15
271	12
272	12
273	13
274	11
275	15
276	15
277	14
278	15
279	13
280	10
281	10
282	12
283	10
284	5
285	6
286	7
2335	1
288	13
289	17
290	13
291	8
292	12
293	12
294	18
295	18
296	7
297	6
298	11
299	15
300	11
301	15
302	8
303	14
304	10
305	3
306	19
307	10
308	10
309	9
310	6
311	15
312	11
313	17
314	8
315	7
316	13
317	7
318	17
319	11
320	12
321	7
322	9
323	5
324	8
325	12
326	12
327	5
328	8
329	13
330	11
331	9
332	9
333	9
334	9
335	13
336	8
337	7
338	8
339	7
340	10
341	4
342	10
343	13
344	9
345	8
346	9
347	7
348	6
349	8
350	6
351	2
352	10
353	11
354	13
355	5
356	11
357	10
358	3
359	11
360	11
361	6
362	10
363	5
364	10
365	6
366	10
367	8
368	2
369	8
370	9
371	7
372	13
373	6
374	15
375	7
376	8
377	10
378	10
379	6
380	5
381	9
382	7
383	6
384	6
385	7
386	9
387	8
388	10
389	9
390	7
391	5
392	8
393	5
394	12
395	4
396	8
397	6
398	9
399	6
400	7
401	7
402	7
403	8
404	5
405	7
406	7
407	6
408	10
409	5
410	9
411	9
412	6
413	3
414	6
415	5
416	2
417	10
418	9
419	5
420	9
421	2
422	4
423	4
424	7
425	5
426	4
427	3
428	2
429	6
430	8
431	10
432	6
433	6
434	6
435	10
436	8
437	5
438	6
439	9
440	9
441	7
442	8
443	6
444	4
445	8
446	5
447	11
448	6
449	7
450	5
451	4
452	5
453	6
454	4
455	5
456	10
457	6
458	4
459	6
460	5
461	6
462	7
463	11
464	5
465	4
466	9
467	3
468	9
469	6
470	5
471	8
472	5
473	5
474	7
475	3
476	5
477	8
478	8
479	2
480	2
481	8
482	4
483	3
484	8
485	5
486	5
487	5
488	7
489	6
490	1
491	8
492	6
493	6
494	6
495	6
496	6
497	2
498	8
499	8
500	9
501	9
502	3
503	4
505	5
506	5
507	2
508	6
2540	1
510	5
511	5
512	3
513	4
514	8
515	6
516	6
517	5
518	7
519	9
520	8
521	5
522	10
523	10
524	3
525	4
526	2
527	4
528	7
529	2
530	6
531	4
532	11
533	5
534	4
535	6
536	4
537	9
538	3
539	5
540	5
541	5
542	8
543	5
544	2
545	8
546	2
547	3
548	9
549	4
550	3
551	3
552	2
553	3
554	5
555	7
556	9
557	5
558	1
559	1
560	7
561	6
562	2
563	3
564	5
565	2
566	6
567	3
568	4
569	4
570	6
571	5
572	3
573	4
574	7
575	2
576	4
577	5
578	3
579	5
580	4
581	11
582	4
583	3
584	6
585	7
586	2
587	6
588	5
589	2
590	1
592	4
593	3
594	7
595	5
596	4
597	5
598	3
599	7
600	6
601	1
602	6
603	1
604	5
605	5
606	5
607	6
608	4
609	3
610	5
611	5
612	6
613	2
614	4
615	3
616	2
617	5
618	1
619	3
620	4
621	3
622	6
623	3
624	6
625	4
626	5
627	5
628	1
629	5
630	3
631	5
632	3
633	2
634	5
635	5
636	5
637	3
638	2
639	1
640	5
641	3
642	3
643	6
644	2
645	2
646	3
647	4
648	3
650	3
651	4
652	3
653	4
654	6
655	3
656	5
657	3
658	2
659	5
660	1
661	5
662	6
663	7
664	2
665	3
666	5
667	7
668	4
669	4
670	4
671	2
672	3
673	3
674	1
675	5
676	2
677	7
678	2
679	1
680	1
681	2
682	4
683	4
684	1
685	4
687	2
688	6
689	2
690	1
691	4
692	4
693	4
694	3
695	3
696	8
697	1
699	4
700	3
701	1
702	2
703	3
704	3
705	3
706	4
707	4
708	2
709	6
710	2
711	2
712	4
713	1
714	6
715	3
716	2
717	1
718	2
719	3
720	6
721	4
722	3
723	6
724	2
725	4
726	6
727	3
728	2
729	2
730	2
731	4
732	3
733	2
734	5
735	4
736	1
737	5
738	4
739	1
740	2
741	4
742	2
743	1
744	1
745	1
746	4
747	2
748	1
749	3
750	2
751	2
753	5
754	2
755	5
756	4
757	1
758	3
759	2
760	3
761	3
762	2
763	2
764	2
765	1
766	3
768	2
769	1
770	1
771	2
772	2
773	3
774	3
776	2
777	4
778	4
779	1
780	3
781	1
782	1
783	3
784	1
785	3
786	1
787	2
789	1
790	2
2521	1
792	1
793	2
794	5
795	4
796	3
797	1
799	2
800	1
801	1
802	1
804	2
805	1
806	2
807	8
808	1
809	3
810	3
812	3
815	2
817	1
818	3
819	2
820	2
823	1
824	2
825	1
826	2
827	6
828	2
829	1
830	2
831	3
832	2
833	4
834	2
835	1
837	2
838	1
839	1
840	2
841	1
842	1
844	2
846	2
847	1
848	1
850	2
851	4
852	5
853	2
2065	1
857	1
858	4
859	1
860	1
861	1
862	3
863	3
864	2
865	2
866	2
867	3
868	1
869	2
870	1
871	3
872	2
873	1
874	3
875	2
876	2
877	1
878	1
880	4
881	2
882	4
883	2
884	4
885	2
886	2
888	1
889	1
890	4
891	3
892	2
893	1
894	3
895	1
896	1
898	1
900	2
901	3
902	2
903	2
904	4
905	2
906	1
907	2
908	3
909	2
910	1
911	1
914	2
918	1
920	2
921	1
923	1
924	2
926	2
928	1
929	1
930	1
933	2
934	1
936	3
939	1
940	1
941	1
942	1
943	3
944	1
945	1
946	1
947	2
949	1
950	2
951	1
952	1
3001	1
955	3
956	1
957	1
959	3
960	2
962	1
963	1
964	1
966	5
967	1
968	2
971	4
972	1
973	1
974	1
976	1
977	2
978	2
979	1
980	1
983	2
984	2
985	1
986	2
987	1
989	2
3038	1
991	2
992	2
994	1
2488	1
996	1
997	1
998	1
999	2
1000	2
1002	1
1003	1
1004	1
1005	2
1007	3
1008	2
1009	1
1010	1
1013	1
1014	1
1016	1
1017	2
1018	2
1021	1
1022	2
1024	1
1025	1
1027	3
1028	1
1030	1
1032	1
1033	2
1034	1
1035	2
1039	1
1040	2
1041	2
1044	2
1045	1
1047	2
1049	1
1050	1
1055	2
1056	3
1060	2
1061	1
1062	1
1063	1
1064	3
1065	1
1066	1
1069	1
1070	3
1072	1
1073	1
1074	1
2227	1
1076	1
1077	1
1078	2
1079	1
1081	2
1082	1
1083	1
1084	1
1086	3
1087	1
1089	2
1091	1
1092	3
1095	2
1096	1
1097	1
1099	6
1100	2
1101	3
1102	2
1106	2
1108	1
1110	2
1111	1
1114	2
1116	2
1123	1
1124	1
1126	1
2577	2
1129	1
1130	1
1131	1
1132	2
1133	1
1134	1
1136	1
1140	2
1143	1
1144	1
1147	2
1148	1
1151	1
1153	1
1154	2
1155	1
1156	1
1157	1
1158	2
1161	1
1162	1
1163	2
1165	1
1168	1
1171	1
1172	1
1178	2
1180	1
1183	1
1185	1
1192	2
1193	1
1194	1
1196	1
1197	1
1199	2
1200	2
1201	1
1202	1
1207	1
1208	1
1212	2
1216	1
1217	1
1218	1
1221	1
1224	1
1225	1
1227	2
1230	1
1231	1
1232	2
1234	1
1236	1
1238	1
1239	2
2087	2
1242	1
791	1
1244	1
1249	1
1258	1
1264	2
1265	1
1266	1
1267	1
1271	2
1273	1
1274	2
1275	1
1281	1
1283	3
2262	1
1288	2
1290	1
1291	1
1293	1
1294	2
1298	2
1302	1
2068	1
1314	1
1315	1
1317	1
1320	1
1321	1
1322	1
1325	1
1330	1
1334	1
1335	1
1337	1
1338	1
1339	1
1341	1
2295	1
1348	1
1351	1
509	4
1409	1
1361	1
1363	1
1367	1
1378	2
1380	1
2278	1
1382	1
1385	1
1386	1
1390	1
1392	1
1393	1
1394	1
1397	1
1403	3
2624	1
1411	1
1413	1
1414	1
1417	1
1418	2
1421	2
1422	1
1423	1
1425	1
1426	1
1428	1
1430	1
1433	2
855	2
1437	1
1443	1
1444	2
1450	1
1457	1
1470	1
1474	1
1475	2
1483	1
1485	1
1492	1
1496	1
1502	1
1506	1
1508	2
1521	1
1523	1
1526	1
1532	1
1536	1
1553	1
1559	1
1562	1
1566	1
1568	1
2310	1
1574	1
1587	1
1604	1
2752	1
953	1
1630	1
2782	1
1642	1
1650	1
1653	1
1661	1
1665	1
1682	1
1688	1
1694	1
1704	1
1712	1
1719	1
1721	1
287	4
1724	1
1728	1
1739	1
1743	1
1752	1
1758	1
1759	1
1762	1
2753	1
1776	1
1777	1
1779	1
1784	1
1795	1
1809	1
1811	1
1830	1
1836	1
1837	1
990	2
1877	1
1887	1
1917	1
3055	1
2717	1
2722	1
2019	1

