comp_time	count
13	4
14	18
15	63
16	124
17	193
18	268
19	360
20	395
21	392
22	439
23	426
24	468
25	473
26	441
27	475
28	449
29	432
30	417
31	372
32	379
33	326
34	324
35	280
36	305
37	243
38	266
39	237
40	224
41	198
42	235
43	196
44	182
45	187
46	166
47	155
48	124
49	159
50	138
51	112
52	118
53	114
54	131
55	95
56	112
57	90
58	90
59	85
60	91
61	79
62	64
63	84
64	57
65	47
66	56
67	58
68	50
69	48
70	44
71	48
72	52
73	46
74	42
75	40
76	36
77	34
78	27
79	35
80	26
81	30
82	28
83	22
84	21
85	24
86	21
87	18
88	18
89	21
90	14
91	15
92	12
93	20
94	14
95	16
96	16
97	8
98	13
99	5
100	16
101	11
102	9
103	9
104	5
105	17
106	7
107	2
108	9
109	5
110	6
111	11
112	8
113	5
114	11
115	10
116	10
117	6
118	5
119	8
120	6
121	4
122	4
123	7
124	5
125	4
126	7
127	4
128	3
129	1
130	3
131	4
132	4
133	2
134	5
135	4
136	1
137	1
138	2
139	5
140	4
142	2
143	4
144	4
145	2
146	1
147	1
148	3
149	1
150	1
151	1
152	1
153	6
155	1
159	1
161	1
162	1
163	3
165	1
166	2
168	1
170	1
171	2
173	1
174	1
175	1
178	2
181	2
182	1
187	1
189	3
191	1
198	2
199	1
200	1
202	1
208	1
209	1
217	2
221	1
236	1
285	1
