	penalty	size	rho
0.141213557265	1.0	0.15
0.0654465472762	2.0	0.15
0.0457690490556	3.0	0.15
0.0315006828286	4.0	0.15
0.0248669043121	5.0	0.15
0.0177157449538	6.0	0.15
0.015871479659	7.0	0.15
0.0151016282368	8.0	0.15
0.00903409607586	9.0	0.15
0.00685750981736	10.0	0.15
0.169680021058	1.0	0.35
0.0854934409803	2.0	0.35
0.0613635625756	3.0	0.35
0.0503432046845	4.0	0.35
0.0320604489045	5.0	0.35
0.0240164044906	6.0	0.35
0.00455440649523	7.0	0.35
-0.00322445283718	8.0	0.35
-0.0130831111834	9.0	0.35
-0.0241723612811	10.0	0.35
0.220356968166	1.0	0.55
0.118594998475	2.0	0.55
0.0871547135013	3.0	0.55
0.0581777075057	4.0	0.55
0.0269817100034	5.0	0.55
-0.0116533603947	6.0	0.55
-0.0476868205124	7.0	0.55
-0.0655094157981	8.0	0.55
-0.0810059526019	9.0	0.55
-0.0838507429225	10.0	0.55
0.301723407349	1.0	0.75
0.179812827155	2.0	0.75
0.120251925876	3.0	0.75
0.0557649468946	4.0	0.75
-0.0166809282501	5.0	0.75
-0.0881319501363	6.0	0.75
-0.148762591656	7.0	0.75
-0.204530947995	8.0	0.75
-0.224137732851	9.0	0.75
-0.19305800623	10.0	0.75
0.524197942451	1.0	0.95
0.323354507704	2.0	0.95
0.205923969678	3.0	0.95
0.0606900902538	4.0	0.95
-0.109468127019	5.0	0.95
-0.261934631828	6.0	0.95
-0.411462758797	7.0	0.95
-0.530163234255	8.0	0.95
-0.593908695929	9.0	0.95
-0.453990702169	10.0	0.95
