	rho	scheduler	prio_queue	size	count
0.15	simple	0	0	850309
0.15	simple	0	1	99295
0.15	simple	0	2	34117
0.15	simple	0	3	12206
0.15	simple	0	4	3356
0.15	simple	0	5	626
0.15	simple	0	6	87
0.15	simple	0	7	4
0.15	ideal	1	0	948193
0.15	ideal	1	1	50559
0.15	ideal	1	2	1232
0.15	ideal	1	3	16
0.15	ideal	2	0	975583
0.15	ideal	2	1	23981
0.15	ideal	2	2	425
0.15	ideal	2	3	9
0.15	ideal	2	4	2
0.15	ideal	3	0	974441
0.15	ideal	3	1	24825
0.15	ideal	3	2	698
0.15	ideal	3	3	33
0.15	ideal	3	4	3
0.15	ideal	4	0	973837
0.15	ideal	4	1	25023
0.15	ideal	4	2	1052
0.15	ideal	4	3	75
0.15	ideal	4	4	13
0.15	ideal	5	0	974188
0.15	ideal	5	1	24473
0.15	ideal	5	2	1211
0.15	ideal	5	3	117
0.15	ideal	5	4	11
0.15	ideal	6	0	975659
0.15	ideal	6	1	22790
0.15	ideal	6	2	1320
0.15	ideal	6	3	205
0.15	ideal	6	4	25
0.15	ideal	6	5	1
0.15	ideal	7	0	977593
0.15	ideal	7	1	21069
0.15	ideal	7	2	1240
0.15	ideal	7	3	69
0.15	ideal	7	4	29
0.15	ideal	8	0	980665
0.15	ideal	8	1	18145
0.15	ideal	8	2	1161
0.15	ideal	8	3	29
0.15	ideal	9	0	985585
0.15	ideal	9	1	13694
0.15	ideal	9	2	709
0.15	ideal	9	3	12
0.15	ideal	10	0	992216
0.15	ideal	10	1	7544
0.15	ideal	10	2	239
0.15	ideal	10	3	1
0.35	simple	0	0	651932
0.35	simple	0	1	192642
0.35	simple	0	2	91275
0.35	simple	0	3	42919
0.35	simple	0	4	15994
0.35	simple	0	5	4284
0.35	simple	0	6	824
0.35	simple	0	7	116
0.35	simple	0	8	14
0.35	ideal	1	0	879183
0.35	ideal	1	1	113746
0.35	ideal	1	2	6838
0.35	ideal	1	3	223
0.35	ideal	1	4	10
0.35	ideal	2	0	937460
0.35	ideal	2	1	59486
0.35	ideal	2	2	2900
0.35	ideal	2	3	149
0.35	ideal	2	4	5
0.35	ideal	3	0	930518
0.35	ideal	3	1	63548
0.35	ideal	3	2	5300
0.35	ideal	3	3	560
0.35	ideal	3	4	58
0.35	ideal	3	5	16
0.35	ideal	4	0	923214
0.35	ideal	4	1	67437
0.35	ideal	4	2	7742
0.35	ideal	4	3	1349
0.35	ideal	4	4	232
0.35	ideal	4	5	26
0.35	ideal	5	0	918740
0.35	ideal	5	1	68479
0.35	ideal	5	2	10015
0.35	ideal	5	3	2091
0.35	ideal	5	4	514
0.35	ideal	5	5	129
0.35	ideal	5	6	14
0.35	ideal	5	7	18
0.35	ideal	6	0	917925
0.35	ideal	6	1	67756
0.35	ideal	6	2	11138
0.35	ideal	6	3	2445
0.35	ideal	6	4	612
0.35	ideal	6	5	106
0.35	ideal	6	6	18
0.35	ideal	7	0	919606
0.35	ideal	7	1	65532
0.35	ideal	7	2	11494
0.35	ideal	7	3	2578
0.35	ideal	7	4	654
0.35	ideal	7	5	121
0.35	ideal	7	6	15
0.35	ideal	8	0	927905
0.35	ideal	8	1	59725
0.35	ideal	8	2	9962
0.35	ideal	8	3	1923
0.35	ideal	8	4	362
0.35	ideal	8	5	80
0.35	ideal	8	6	43
0.35	ideal	9	0	942020
0.35	ideal	9	1	49251
0.35	ideal	9	2	7162
0.35	ideal	9	3	1276
0.35	ideal	9	4	243
0.35	ideal	9	5	48
0.35	ideal	10	0	965720
0.35	ideal	10	1	30651
0.35	ideal	10	2	3166
0.35	ideal	10	3	463
0.55	simple	0	0	449225
0.55	simple	0	1	231725
0.55	simple	0	2	152657
0.55	simple	0	3	97777
0.55	simple	0	4	48562
0.55	simple	0	5	16121
0.55	simple	0	6	3431
0.55	simple	0	7	460
0.55	simple	0	8	40
0.55	simple	0	9	2
0.55	ideal	1	0	810009
0.55	ideal	1	1	171494
0.55	ideal	1	2	17265
0.55	ideal	1	3	1187
0.55	ideal	1	4	43
0.55	ideal	1	5	2
0.55	ideal	2	0	891789
0.55	ideal	2	1	98260
0.55	ideal	2	2	8910
0.55	ideal	2	3	908
0.55	ideal	2	4	117
0.55	ideal	2	5	13
0.55	ideal	2	6	3
0.55	ideal	3	0	871499
0.55	ideal	3	1	108327
0.55	ideal	3	2	15961
0.55	ideal	3	3	3244
0.55	ideal	3	4	673
0.55	ideal	3	5	199
0.55	ideal	3	6	75
0.55	ideal	3	7	22
0.55	ideal	4	0	847481
0.55	ideal	4	1	117427
0.55	ideal	4	2	24713
0.55	ideal	4	3	6892
0.55	ideal	4	4	2118
0.55	ideal	4	5	804
0.55	ideal	4	6	257
0.55	ideal	4	7	163
0.55	ideal	4	8	86
0.55	ideal	4	9	50
0.55	ideal	4	10	9
0.55	ideal	5	0	826253
0.55	ideal	5	1	122636
0.55	ideal	5	2	32711
0.55	ideal	5	3	11327
0.55	ideal	5	4	4097
0.55	ideal	5	5	1674
0.55	ideal	5	6	752
0.55	ideal	5	7	270
0.55	ideal	5	8	149
0.55	ideal	5	9	79
0.55	ideal	5	10	30
0.55	ideal	5	11	22
0.55	ideal	6	0	813174
0.55	ideal	6	1	125112
0.55	ideal	6	2	38029
0.55	ideal	6	3	13711
0.55	ideal	6	4	5736
0.55	ideal	6	5	2322
0.55	ideal	6	6	1040
0.55	ideal	6	7	515
0.55	ideal	6	8	220
0.55	ideal	6	9	76
0.55	ideal	6	10	40
0.55	ideal	6	11	25
0.55	ideal	7	0	806873
0.55	ideal	7	1	125000
0.55	ideal	7	2	40734
0.55	ideal	7	3	15584
0.55	ideal	7	4	6484
0.55	ideal	7	5	2783
0.55	ideal	7	6	1502
0.55	ideal	7	7	626
0.55	ideal	7	8	170
0.55	ideal	7	9	151
0.55	ideal	7	10	59
0.55	ideal	7	11	34
0.55	ideal	8	0	812913
0.55	ideal	8	1	121481
0.55	ideal	8	2	39194
0.55	ideal	8	3	14953
0.55	ideal	8	4	6071
0.55	ideal	8	5	2625
0.55	ideal	8	6	1507
0.55	ideal	8	7	733
0.55	ideal	8	8	244
0.55	ideal	8	9	149
0.55	ideal	8	10	122
0.55	ideal	8	11	8
0.55	ideal	9	0	839969
0.55	ideal	9	1	109973
0.55	ideal	9	2	32239
0.55	ideal	9	3	11064
0.55	ideal	9	4	4262
0.55	ideal	9	5	1524
0.55	ideal	9	6	594
0.55	ideal	9	7	246
0.55	ideal	9	8	66
0.55	ideal	9	9	21
0.55	ideal	9	10	42
0.55	ideal	10	0	894093
0.55	ideal	10	1	83534
0.55	ideal	10	2	17946
0.55	ideal	10	3	3285
0.55	ideal	10	4	804
0.55	ideal	10	5	70
0.55	ideal	10	6	190
0.55	ideal	10	7	16
0.55	ideal	10	8	62
0.75	simple	0	0	251863
0.75	simple	0	1	202569
0.75	simple	0	2	190718
0.75	simple	0	3	172235
0.75	simple	0	4	116227
0.75	simple	0	5	50520
0.75	simple	0	6	13452
0.75	simple	0	7	2153
0.75	simple	0	8	243
0.75	simple	0	9	20
0.75	ideal	1	0	741454
0.75	ideal	1	1	223412
0.75	ideal	1	2	31945
0.75	ideal	1	3	2976
0.75	ideal	1	4	202
0.75	ideal	1	5	11
0.75	ideal	2	0	838263
0.75	ideal	2	1	138816
0.75	ideal	2	2	19322
0.75	ideal	2	3	3071
0.75	ideal	2	4	447
0.75	ideal	2	5	75
0.75	ideal	2	6	6
0.75	ideal	3	0	794352
0.75	ideal	3	1	154663
0.75	ideal	3	2	35795
0.75	ideal	3	3	10298
0.75	ideal	3	4	3356
0.75	ideal	3	5	1048
0.75	ideal	3	6	319
0.75	ideal	3	7	93
0.75	ideal	3	8	33
0.75	ideal	3	9	8
0.75	ideal	3	10	14
0.75	ideal	3	11	8
0.75	ideal	3	12	2
0.75	ideal	3	13	11
0.75	ideal	4	0	739586
0.75	ideal	4	1	164177
0.75	ideal	4	2	55020
0.75	ideal	4	3	22838
0.75	ideal	4	4	9896
0.75	ideal	4	5	4794
0.75	ideal	4	6	2004
0.75	ideal	4	7	871
0.75	ideal	4	8	388
0.75	ideal	4	9	208
0.75	ideal	4	10	108
0.75	ideal	4	11	36
0.75	ideal	4	12	8
0.75	ideal	4	13	24
0.75	ideal	4	14	17
0.75	ideal	4	15	11
0.75	ideal	4	16	14
0.75	ideal	5	0	687489
0.75	ideal	5	1	170236
0.75	ideal	5	2	68143
0.75	ideal	5	3	33387
0.75	ideal	5	4	18202
0.75	ideal	5	5	10671
0.75	ideal	5	6	5285
0.75	ideal	5	7	2825
0.75	ideal	5	8	1562
0.75	ideal	5	9	913
0.75	ideal	5	10	599
0.75	ideal	5	11	254
0.75	ideal	5	12	163
0.75	ideal	5	13	69
0.75	ideal	5	14	57
0.75	ideal	5	15	49
0.75	ideal	5	16	68
0.75	ideal	5	17	7
0.75	ideal	5	18	12
0.75	ideal	5	19	9
0.75	ideal	6	0	649834
0.75	ideal	6	1	169372
0.75	ideal	6	2	76829
0.75	ideal	6	3	41938
0.75	ideal	6	4	24131
0.75	ideal	6	5	14766
0.75	ideal	6	6	9045
0.75	ideal	6	7	5474
0.75	ideal	6	8	3474
0.75	ideal	6	9	1980
0.75	ideal	6	10	1250
0.75	ideal	6	11	639
0.75	ideal	6	12	420
0.75	ideal	6	13	244
0.75	ideal	6	14	141
0.75	ideal	6	15	158
0.75	ideal	6	16	98
0.75	ideal	6	17	94
0.75	ideal	6	18	101
0.75	ideal	6	19	12
0.75	ideal	7	0	617776
0.75	ideal	7	1	167931
0.75	ideal	7	2	83320
0.75	ideal	7	3	47538
0.75	ideal	7	4	29261
0.75	ideal	7	5	18594
0.75	ideal	7	6	11863
0.75	ideal	7	7	7889
0.75	ideal	7	8	5105
0.75	ideal	7	9	3326
0.75	ideal	7	10	2226
0.75	ideal	7	11	1819
0.75	ideal	7	12	946
0.75	ideal	7	13	707
0.75	ideal	7	14	737
0.75	ideal	7	15	347
0.75	ideal	7	16	237
0.75	ideal	7	17	210
0.75	ideal	7	18	64
0.75	ideal	7	19	31
0.75	ideal	7	20	12
0.75	ideal	7	21	7
0.75	ideal	7	22	13
0.75	ideal	7	23	8
0.75	ideal	7	24	1
0.75	ideal	7	25	16
0.75	ideal	7	26	16
0.75	ideal	8	0	607931
0.75	ideal	8	1	168125
0.75	ideal	8	2	85895
0.75	ideal	8	3	49593
0.75	ideal	8	4	29839
0.75	ideal	8	5	18945
0.75	ideal	8	6	12361
0.75	ideal	8	7	8092
0.75	ideal	8	8	6406
0.75	ideal	8	9	3838
0.75	ideal	8	10	2715
0.75	ideal	8	11	1741
0.75	ideal	8	12	1451
0.75	ideal	8	13	949
0.75	ideal	8	14	700
0.75	ideal	8	15	360
0.75	ideal	8	16	381
0.75	ideal	8	17	313
0.75	ideal	8	18	111
0.75	ideal	8	19	61
0.75	ideal	8	20	26
0.75	ideal	8	21	52
0.75	ideal	8	22	27
0.75	ideal	8	23	20
0.75	ideal	8	24	9
0.75	ideal	8	25	8
0.75	ideal	8	26	51
0.75	ideal	9	0	631784
0.75	ideal	9	1	166890
0.75	ideal	9	2	81315
0.75	ideal	9	3	45066
0.75	ideal	9	4	25858
0.75	ideal	9	5	16153
0.75	ideal	9	6	10739
0.75	ideal	9	7	6782
0.75	ideal	9	8	4975
0.75	ideal	9	9	3504
0.75	ideal	9	10	2339
0.75	ideal	9	11	1591
0.75	ideal	9	12	1116
0.75	ideal	9	13	640
0.75	ideal	9	14	455
0.75	ideal	9	15	197
0.75	ideal	9	16	208
0.75	ideal	9	17	259
0.75	ideal	9	18	129
0.75	ideal	10	0	712833
0.75	ideal	10	1	158827
0.75	ideal	10	2	64707
0.75	ideal	10	3	28481
0.75	ideal	10	4	16046
0.75	ideal	10	5	8291
0.75	ideal	10	6	4024
0.75	ideal	10	7	3112
0.75	ideal	10	8	1620
0.75	ideal	10	9	890
0.75	ideal	10	10	451
0.75	ideal	10	11	87
0.75	ideal	10	12	228
0.75	ideal	10	13	186
0.75	ideal	10	14	96
0.75	ideal	10	15	121
0.95	simple	0	0	48352
0.95	simple	0	1	65183
0.95	simple	0	2	112272
0.95	simple	0	3	193775
0.95	simple	0	4	249138
0.95	simple	0	5	203857
0.95	simple	0	6	98327
0.95	simple	0	7	25551
0.95	simple	0	8	3342
0.95	simple	0	9	200
0.95	simple	0	10	3
0.95	ideal	1	0	672179
0.95	ideal	1	1	268948
0.95	ideal	1	2	51634
0.95	ideal	1	3	6561
0.95	ideal	1	4	625
0.95	ideal	1	5	50
0.95	ideal	1	6	3
0.95	ideal	2	0	771727
0.95	ideal	2	1	181862
0.95	ideal	2	2	36224
0.95	ideal	2	3	8024
0.95	ideal	2	4	1699
0.95	ideal	2	5	348
0.95	ideal	2	6	94
0.95	ideal	2	7	19
0.95	ideal	2	8	3
0.95	ideal	3	0	689139
0.95	ideal	3	1	197210
0.95	ideal	3	2	66095
0.95	ideal	3	3	26544
0.95	ideal	3	4	11561
0.95	ideal	3	5	5052
0.95	ideal	3	6	2262
0.95	ideal	3	7	1071
0.95	ideal	3	8	514
0.95	ideal	3	9	287
0.95	ideal	3	10	159
0.95	ideal	3	11	62
0.95	ideal	3	12	27
0.95	ideal	3	13	8
0.95	ideal	3	14	9
0.95	ideal	4	0	586820
0.95	ideal	4	1	195015
0.95	ideal	4	2	92235
0.95	ideal	4	3	50007
0.95	ideal	4	4	28921
0.95	ideal	4	5	17504
0.95	ideal	4	6	10525
0.95	ideal	4	7	6528
0.95	ideal	4	8	3919
0.95	ideal	4	9	2690
0.95	ideal	4	10	2036
0.95	ideal	4	11	1250
0.95	ideal	4	12	779
0.95	ideal	4	13	585
0.95	ideal	4	14	407
0.95	ideal	4	15	253
0.95	ideal	4	16	176
0.95	ideal	4	17	134
0.95	ideal	4	18	79
0.95	ideal	4	19	61
0.95	ideal	4	20	27
0.95	ideal	4	21	33
0.95	ideal	4	22	6
0.95	ideal	4	23	4
0.95	ideal	4	24	6
0.95	ideal	5	0	481798
0.95	ideal	5	1	179965
0.95	ideal	5	2	105218
0.95	ideal	5	3	66535
0.95	ideal	5	4	45506
0.95	ideal	5	5	31723
0.95	ideal	5	6	22466
0.95	ideal	5	7	16784
0.95	ideal	5	8	12542
0.95	ideal	5	9	9181
0.95	ideal	5	10	6853
0.95	ideal	5	11	5051
0.95	ideal	5	12	3954
0.95	ideal	5	13	2945
0.95	ideal	5	14	2255
0.95	ideal	5	15	1931
0.95	ideal	5	16	1514
0.95	ideal	5	17	869
0.95	ideal	5	18	793
0.95	ideal	5	19	582
0.95	ideal	5	20	529
0.95	ideal	5	21	295
0.95	ideal	5	22	184
0.95	ideal	5	23	138
0.95	ideal	5	24	75
0.95	ideal	5	25	74
0.95	ideal	5	26	63
0.95	ideal	5	27	92
0.95	ideal	5	28	22
0.95	ideal	5	29	42
0.95	ideal	5	30	21
0.95	ideal	6	0	393009
0.95	ideal	6	1	159834
0.95	ideal	6	2	101678
0.95	ideal	6	3	71565
0.95	ideal	6	4	52442
0.95	ideal	6	5	41200
0.95	ideal	6	6	33159
0.95	ideal	6	7	25395
0.95	ideal	6	8	21416
0.95	ideal	6	9	17226
0.95	ideal	6	10	14295
0.95	ideal	6	11	10697
0.95	ideal	6	12	9653
0.95	ideal	6	13	8050
0.95	ideal	6	14	7061
0.95	ideal	6	15	5529
0.95	ideal	6	16	5223
0.95	ideal	6	17	3766
0.95	ideal	6	18	3303
0.95	ideal	6	19	2783
0.95	ideal	6	20	2014
0.95	ideal	6	21	2171
0.95	ideal	6	22	1331
0.95	ideal	6	23	1153
0.95	ideal	6	24	772
0.95	ideal	6	25	1038
0.95	ideal	6	26	583
0.95	ideal	6	27	517
0.95	ideal	6	28	397
0.95	ideal	6	29	399
0.95	ideal	6	30	448
0.95	ideal	6	31	280
0.95	ideal	6	32	191
0.95	ideal	6	33	163
0.95	ideal	6	34	266
0.95	ideal	6	35	138
0.95	ideal	6	36	150
0.95	ideal	6	37	87
0.95	ideal	6	38	229
0.95	ideal	6	39	71
0.95	ideal	6	40	49
0.95	ideal	6	41	55
0.95	ideal	6	42	25
0.95	ideal	6	43	22
0.95	ideal	6	44	21
0.95	ideal	6	45	27
0.95	ideal	6	46	3
0.95	ideal	6	47	9
0.95	ideal	6	48	18
0.95	ideal	6	49	36
0.95	ideal	6	50	10
0.95	ideal	6	51	43
0.95	ideal	7	0	309480
0.95	ideal	7	1	135029
0.95	ideal	7	2	91589
0.95	ideal	7	3	70183
0.95	ideal	7	4	53418
0.95	ideal	7	5	46094
0.95	ideal	7	6	37282
0.95	ideal	7	7	31462
0.95	ideal	7	8	27432
0.95	ideal	7	9	23616
0.95	ideal	7	10	19255
0.95	ideal	7	11	17364
0.95	ideal	7	12	16092
0.95	ideal	7	13	13659
0.95	ideal	7	14	12249
0.95	ideal	7	15	10979
0.95	ideal	7	16	8953
0.95	ideal	7	17	8178
0.95	ideal	7	18	7079
0.95	ideal	7	19	6799
0.95	ideal	7	20	6262
0.95	ideal	7	21	5068
0.95	ideal	7	22	5216
0.95	ideal	7	23	4153
0.95	ideal	7	24	3604
0.95	ideal	7	25	3234
0.95	ideal	7	26	3089
0.95	ideal	7	27	2422
0.95	ideal	7	28	2333
0.95	ideal	7	29	1849
0.95	ideal	7	30	1777
0.95	ideal	7	31	1673
0.95	ideal	7	32	1440
0.95	ideal	7	33	1178
0.95	ideal	7	34	1124
0.95	ideal	7	35	1135
0.95	ideal	7	36	949
0.95	ideal	7	37	660
0.95	ideal	7	38	727
0.95	ideal	7	39	772
0.95	ideal	7	40	617
0.95	ideal	7	41	516
0.95	ideal	7	42	545
0.95	ideal	7	43	544
0.95	ideal	7	44	279
0.95	ideal	7	45	344
0.95	ideal	7	46	372
0.95	ideal	7	47	261
0.95	ideal	7	48	237
0.95	ideal	7	49	202
0.95	ideal	7	50	92
0.95	ideal	7	51	131
0.95	ideal	7	52	158
0.95	ideal	7	53	132
0.95	ideal	7	54	189
0.95	ideal	7	55	95
0.95	ideal	7	56	35
0.95	ideal	7	57	37
0.95	ideal	7	58	164
0.95	ideal	7	59	60
0.95	ideal	7	60	20
0.95	ideal	7	61	73
0.95	ideal	7	62	40
0.95	ideal	8	0	244602
0.95	ideal	8	1	111052
0.95	ideal	8	2	77495
0.95	ideal	8	3	62812
0.95	ideal	8	4	51558
0.95	ideal	8	5	44007
0.95	ideal	8	6	38493
0.95	ideal	8	7	32953
0.95	ideal	8	8	29371
0.95	ideal	8	9	26645
0.95	ideal	8	10	23590
0.95	ideal	8	11	21157
0.95	ideal	8	12	18643
0.95	ideal	8	13	16645
0.95	ideal	8	14	14279
0.95	ideal	8	15	13444
0.95	ideal	8	16	11403
0.95	ideal	8	17	11144
0.95	ideal	8	18	10253
0.95	ideal	8	19	10856
0.95	ideal	8	20	9023
0.95	ideal	8	21	8551
0.95	ideal	8	22	7486
0.95	ideal	8	23	6805
0.95	ideal	8	24	6918
0.95	ideal	8	25	5920
0.95	ideal	8	26	5053
0.95	ideal	8	27	5129
0.95	ideal	8	28	4511
0.95	ideal	8	29	3953
0.95	ideal	8	30	4027
0.95	ideal	8	31	3882
0.95	ideal	8	32	2921
0.95	ideal	8	33	3800
0.95	ideal	8	34	3945
0.95	ideal	8	35	3087
0.95	ideal	8	36	2716
0.95	ideal	8	37	2762
0.95	ideal	8	38	2573
0.95	ideal	8	39	2539
0.95	ideal	8	40	1974
0.95	ideal	8	41	1782
0.95	ideal	8	42	1436
0.95	ideal	8	43	1458
0.95	ideal	8	44	1589
0.95	ideal	8	45	1494
0.95	ideal	8	46	1564
0.95	ideal	8	47	1372
0.95	ideal	8	48	1317
0.95	ideal	8	49	922
0.95	ideal	8	50	1434
0.95	ideal	8	51	850
0.95	ideal	8	52	1037
0.95	ideal	8	53	1004
0.95	ideal	8	54	631
0.95	ideal	8	55	844
0.95	ideal	8	56	558
0.95	ideal	8	57	545
0.95	ideal	8	58	630
0.95	ideal	8	59	428
0.95	ideal	8	60	443
0.95	ideal	8	61	466
0.95	ideal	8	62	313
0.95	ideal	8	63	256
0.95	ideal	8	64	340
0.95	ideal	8	65	281
0.95	ideal	8	66	385
0.95	ideal	8	67	401
0.95	ideal	8	68	315
0.95	ideal	8	69	339
0.95	ideal	8	70	208
0.95	ideal	8	71	183
0.95	ideal	8	72	139
0.95	ideal	8	73	131
0.95	ideal	8	74	97
0.95	ideal	8	75	136
0.95	ideal	8	76	157
0.95	ideal	8	77	176
0.95	ideal	8	78	285
0.95	ideal	8	79	107
0.95	ideal	8	80	206
0.95	ideal	8	81	99
0.95	ideal	8	82	269
0.95	ideal	8	83	70
0.95	ideal	8	84	79
0.95	ideal	8	85	144
0.95	ideal	8	86	116
0.95	ideal	8	87	140
0.95	ideal	8	88	139
0.95	ideal	8	89	154
0.95	ideal	8	90	44
0.95	ideal	8	91	122
0.95	ideal	8	92	210
0.95	ideal	8	93	280
0.95	ideal	8	94	123
0.95	ideal	8	95	183
0.95	ideal	8	96	364
0.95	ideal	8	97	128
0.95	ideal	8	98	81
0.95	ideal	8	99	86
0.95	ideal	8	100	96
0.95	ideal	8	101	75
0.95	ideal	8	102	56
0.95	ideal	8	103	70
0.95	ideal	8	104	106
0.95	ideal	8	105	62
0.95	ideal	8	106	99
0.95	ideal	8	107	113
0.95	ideal	8	108	77
0.95	ideal	8	109	32
0.95	ideal	8	110	79
0.95	ideal	8	111	77
0.95	ideal	8	112	41
0.95	ideal	8	113	94
0.95	ideal	8	114	49
0.95	ideal	8	115	63
0.95	ideal	8	116	40
0.95	ideal	8	117	110
0.95	ideal	8	118	96
0.95	ideal	8	119	68
0.95	ideal	8	120	123
0.95	ideal	8	121	35
0.95	ideal	8	122	60
0.95	ideal	8	123	52
0.95	ideal	8	124	147
0.95	ideal	8	125	47
0.95	ideal	8	126	95
0.95	ideal	8	127	25
0.95	ideal	8	128	83
0.95	ideal	8	129	56
0.95	ideal	8	130	94
0.95	ideal	8	131	68
0.95	ideal	8	132	72
0.95	ideal	8	133	38
0.95	ideal	8	134	33
0.95	ideal	8	135	10
0.95	ideal	8	136	5
0.95	ideal	8	137	103
0.95	ideal	8	138	27
0.95	ideal	8	139	25
0.95	ideal	8	140	54
0.95	ideal	8	141	19
0.95	ideal	8	142	30
0.95	ideal	8	143	21
0.95	ideal	8	144	41
0.95	ideal	8	145	14
0.95	ideal	8	146	43
0.95	ideal	8	147	10
0.95	ideal	9	0	205327
0.95	ideal	9	1	96242
0.95	ideal	9	2	69280
0.95	ideal	9	3	55758
0.95	ideal	9	4	47575
0.95	ideal	9	5	41114
0.95	ideal	9	6	37343
0.95	ideal	9	7	34114
0.95	ideal	9	8	28737
0.95	ideal	9	9	26208
0.95	ideal	9	10	24757
0.95	ideal	9	11	23153
0.95	ideal	9	12	20003
0.95	ideal	9	13	17545
0.95	ideal	9	14	17226
0.95	ideal	9	15	16594
0.95	ideal	9	16	14746
0.95	ideal	9	17	12483
0.95	ideal	9	18	12989
0.95	ideal	9	19	10687
0.95	ideal	9	20	11296
0.95	ideal	9	21	10352
0.95	ideal	9	22	8404
0.95	ideal	9	23	8393
0.95	ideal	9	24	7645
0.95	ideal	9	25	7213
0.95	ideal	9	26	7432
0.95	ideal	9	27	6080
0.95	ideal	9	28	5710
0.95	ideal	9	29	5222
0.95	ideal	9	30	5330
0.95	ideal	9	31	5011
0.95	ideal	9	32	4966
0.95	ideal	9	33	4319
0.95	ideal	9	34	4167
0.95	ideal	9	35	3480
0.95	ideal	9	36	3875
0.95	ideal	9	37	3725
0.95	ideal	9	38	3516
0.95	ideal	9	39	3364
0.95	ideal	9	40	2976
0.95	ideal	9	41	2240
0.95	ideal	9	42	2550
0.95	ideal	9	43	3002
0.95	ideal	9	44	2832
0.95	ideal	9	45	2227
0.95	ideal	9	46	2512
0.95	ideal	9	47	2799
0.95	ideal	9	48	2272
0.95	ideal	9	49	1793
0.95	ideal	9	50	1922
0.95	ideal	9	51	1833
0.95	ideal	9	52	1334
0.95	ideal	9	53	1966
0.95	ideal	9	54	1578
0.95	ideal	9	55	1256
0.95	ideal	9	56	1017
0.95	ideal	9	57	1347
0.95	ideal	9	58	1302
0.95	ideal	9	59	950
0.95	ideal	9	60	1305
0.95	ideal	9	61	1092
0.95	ideal	9	62	1026
0.95	ideal	9	63	998
0.95	ideal	9	64	1048
0.95	ideal	9	65	1272
0.95	ideal	9	66	979
0.95	ideal	9	67	1036
0.95	ideal	9	68	1024
0.95	ideal	9	69	1062
0.95	ideal	9	70	724
0.95	ideal	9	71	472
0.95	ideal	9	72	547
0.95	ideal	9	73	643
0.95	ideal	9	74	817
0.95	ideal	9	75	652
0.95	ideal	9	76	740
0.95	ideal	9	77	404
0.95	ideal	9	78	665
0.95	ideal	9	79	411
0.95	ideal	9	80	243
0.95	ideal	9	81	494
0.95	ideal	9	82	360
0.95	ideal	9	83	271
0.95	ideal	9	84	486
0.95	ideal	9	85	368
0.95	ideal	9	86	432
0.95	ideal	9	87	519
0.95	ideal	9	88	421
0.95	ideal	9	89	377
0.95	ideal	9	90	552
0.95	ideal	9	91	248
0.95	ideal	9	92	186
0.95	ideal	9	93	273
0.95	ideal	9	94	95
0.95	ideal	9	95	279
0.95	ideal	9	96	274
0.95	ideal	9	97	125
0.95	ideal	9	98	235
0.95	ideal	9	99	82
0.95	ideal	9	100	49
0.95	ideal	9	101	92
0.95	ideal	9	102	163
0.95	ideal	9	103	97
0.95	ideal	9	104	78
0.95	ideal	9	105	105
0.95	ideal	9	106	110
0.95	ideal	9	107	169
0.95	ideal	9	108	138
0.95	ideal	9	109	175
0.95	ideal	9	110	184
0.95	ideal	9	111	141
0.95	ideal	9	112	126
0.95	ideal	9	113	108
0.95	ideal	9	114	163
0.95	ideal	9	115	89
0.95	ideal	9	116	232
0.95	ideal	9	117	74
0.95	ideal	9	118	56
0.95	ideal	9	119	104
0.95	ideal	9	120	42
0.95	ideal	9	121	46
0.95	ideal	9	122	75
0.95	ideal	9	123	109
0.95	ideal	9	124	104
0.95	ideal	9	125	73
0.95	ideal	9	126	110
0.95	ideal	9	127	81
0.95	ideal	9	128	83
0.95	ideal	9	129	190
0.95	ideal	9	130	78
0.95	ideal	9	131	19
0.95	ideal	9	132	61
0.95	ideal	9	133	50
0.95	ideal	9	134	38
0.95	ideal	9	135	38
0.95	ideal	9	136	87
0.95	ideal	9	137	176
0.95	ideal	9	138	139
0.95	ideal	9	139	146
0.95	ideal	9	140	13
0.95	ideal	9	141	26
0.95	ideal	9	142	94
0.95	ideal	9	143	71
0.95	ideal	9	144	54
0.95	ideal	9	145	109
0.95	ideal	9	146	40
0.95	ideal	9	147	85
0.95	ideal	9	148	98
0.95	ideal	9	149	63
0.95	ideal	9	150	96
0.95	ideal	9	151	87
0.95	ideal	9	152	57
0.95	ideal	9	153	98
0.95	ideal	9	154	85
0.95	ideal	9	155	11
0.95	ideal	9	156	2
0.95	ideal	9	157	28
0.95	ideal	9	158	43
0.95	ideal	9	159	13
0.95	ideal	9	160	40
0.95	ideal	9	161	9
0.95	ideal	9	162	60
0.95	ideal	9	163	140
0.95	ideal	9	164	19
0.95	ideal	9	165	35
0.95	ideal	10	0	220100
0.95	ideal	10	1	101728
0.95	ideal	10	2	77854
0.95	ideal	10	3	61052
0.95	ideal	10	4	49504
0.95	ideal	10	5	45287
0.95	ideal	10	6	38147
0.95	ideal	10	7	33612
0.95	ideal	10	8	29970
0.95	ideal	10	9	26516
0.95	ideal	10	10	23782
0.95	ideal	10	11	22311
0.95	ideal	10	12	20004
0.95	ideal	10	13	17186
0.95	ideal	10	14	14135
0.95	ideal	10	15	13981
0.95	ideal	10	16	13915
0.95	ideal	10	17	13338
0.95	ideal	10	18	10444
0.95	ideal	10	19	10449
0.95	ideal	10	20	9566
0.95	ideal	10	21	7913
0.95	ideal	10	22	7950
0.95	ideal	10	23	6790
0.95	ideal	10	24	6202
0.95	ideal	10	25	5565
0.95	ideal	10	26	5438
0.95	ideal	10	27	5396
0.95	ideal	10	28	5179
0.95	ideal	10	29	4576
0.95	ideal	10	30	4187
0.95	ideal	10	31	4594
0.95	ideal	10	32	4405
0.95	ideal	10	33	4085
0.95	ideal	10	34	3484
0.95	ideal	10	35	4001
0.95	ideal	10	36	3901
0.95	ideal	10	37	3034
0.95	ideal	10	38	2510
0.95	ideal	10	39	3188
0.95	ideal	10	40	2248
0.95	ideal	10	41	2378
0.95	ideal	10	42	2510
0.95	ideal	10	43	2631
0.95	ideal	10	44	2358
0.95	ideal	10	45	2624
0.95	ideal	10	46	1700
0.95	ideal	10	47	1746
0.95	ideal	10	48	1624
0.95	ideal	10	49	1819
0.95	ideal	10	50	1537
0.95	ideal	10	51	1880
0.95	ideal	10	52	1318
0.95	ideal	10	53	1253
0.95	ideal	10	54	1891
0.95	ideal	10	55	2295
0.95	ideal	10	56	1270
0.95	ideal	10	57	993
0.95	ideal	10	58	832
0.95	ideal	10	59	887
0.95	ideal	10	60	806
0.95	ideal	10	61	559
0.95	ideal	10	62	1073
0.95	ideal	10	63	758
0.95	ideal	10	64	840
0.95	ideal	10	65	496
0.95	ideal	10	66	1043
0.95	ideal	10	67	1356
0.95	ideal	10	68	593
0.95	ideal	10	69	946
0.95	ideal	10	70	671
0.95	ideal	10	71	839
0.95	ideal	10	72	758
0.95	ideal	10	73	684
0.95	ideal	10	74	788
0.95	ideal	10	75	941
0.95	ideal	10	76	140
0.95	ideal	10	77	471
0.95	ideal	10	78	346
0.95	ideal	10	79	81
0.95	ideal	10	80	436
0.95	ideal	10	81	120
0.95	ideal	10	82	311
0.95	ideal	10	83	97
0.95	ideal	10	84	15
0.95	ideal	10	85	52
0.95	ideal	10	86	55
0.95	ideal	10	87	39
0.95	ideal	10	88	183
0.95	ideal	10	89	3
0.95	ideal	10	90	150
0.95	ideal	10	91	88
0.95	ideal	10	92	10
0.95	ideal	10	93	87
0.95	ideal	10	94	92
0.95	ideal	10	95	37
0.95	ideal	10	96	18
0.95	ideal	10	97	136
0.95	ideal	10	98	140
0.95	ideal	10	99	10
0.95	ideal	10	100	5
0.95	ideal	10	101	26
0.95	ideal	10	102	121
0.95	ideal	10	103	10
0.95	ideal	10	104	57
0.95	ideal	10	105	29
0.95	ideal	10	106	72
0.95	ideal	10	107	76
0.95	ideal	10	108	66
0.95	ideal	10	109	15
0.95	ideal	10	110	29
0.95	ideal	10	111	62
0.95	ideal	10	112	31
0.95	ideal	10	113	135
0.95	ideal	10	114	24
0.95	ideal	10	115	20
0.95	ideal	10	116	92
0.95	ideal	10	117	108
0.95	ideal	10	118	135
0.95	ideal	10	119	90
0.95	ideal	10	120	129
0.95	ideal	10	121	38
0.95	ideal	10	122	80
0.95	ideal	10	123	38
0.95	ideal	10	124	87
0.95	ideal	10	125	72
0.95	ideal	10	126	82
0.95	ideal	10	127	149
0.95	ideal	10	128	123
0.95	ideal	10	129	125
0.95	ideal	10	130	225
0.95	ideal	10	131	144
0.95	ideal	10	132	3
0.95	ideal	10	133	55
0.95	ideal	10	134	106
