size	count
0	86778
1	27310
2	22942
3	20619
4	18938
5	18213
6	17480
7	16738
8	16440
9	15822
10	15576
11	15560
12	15098
13	14780
14	14425
15	14082
16	13758
17	13454
18	13352
19	12911
20	12634
21	12179
22	12022
23	11516
24	11426
25	10869
26	10548
27	10372
28	9975
29	9719
30	9724
31	9497
32	9376
33	9220
34	9091
35	8860
36	8908
37	8705
38	8409
39	8296
40	8183
41	7940
42	7986
43	7713
44	7528
45	7365
46	7086
47	6933
48	6493
49	6517
50	6416
51	6311
52	6075
53	5998
54	6057
55	5950
56	5732
57	5769
58	5599
59	5406
60	5280
61	5301
62	5078
63	4944
64	4880
65	4821
66	4649
67	4696
68	4508
69	4375
70	4471
71	4230
72	4228
73	4205
74	3933
75	3872
76	3760
77	3691
78	3608
79	3607
80	3578
81	3461
82	3334
83	3303
84	3277
85	3079
86	2932
87	2893
88	2853
89	2846
90	2632
91	2585
92	2574
93	2480
94	2416
95	2372
96	2419
97	2407
98	2331
99	2410
100	2303
101	2337
102	2277
103	2242
104	2140
105	2040
106	1960
107	1949
108	1926
109	1864
110	1923
111	1859
112	1968
113	1803
114	1716
115	1794
116	1671
117	1619
118	1694
119	1661
120	1679
121	1668
122	1655
123	1610
124	1578
125	1506
126	1485
127	1366
128	1348
129	1259
130	1277
131	1174
132	1164
133	1086
134	1149
135	1181
136	1122
137	1124
138	1070
139	1033
140	1086
141	1105
142	1080
143	1045
144	1031
145	997
146	963
147	965
148	934
149	902
150	906
151	888
152	891
153	876
154	739
155	809
156	818
157	785
158	836
159	846
160	740
161	744
162	737
163	710
164	675
165	720
166	689
167	700
168	633
169	591
170	556
171	563
172	577
173	606
174	506
175	493
176	481
177	458
178	421
179	422
180	392
181	375
182	366
183	356
184	361
185	330
186	343
187	357
188	362
189	389
190	346
191	332
192	355
193	348
194	293
195	263
196	250
197	290
198	247
199	265
200	245
201	274
202	307
203	283
204	255
205	259
206	255
207	244
208	243
209	251
210	224
211	224
212	229
213	217
214	207
215	236
216	221
217	233
218	219
219	224
220	185
221	209
222	203
223	187
224	184
225	190
226	170
227	177
228	166
229	194
230	189
231	239
232	203
233	210
234	201
235	200
236	157
237	143
238	165
239	140
240	145
241	116
242	106
243	103
244	87
245	102
246	72
247	79
248	85
249	99
250	100
251	106
252	123
253	175
254	132
255	137
256	118
257	110
258	117
259	122
260	116
261	106
262	119
263	93
264	79
265	82
266	71
267	83
268	87
269	112
270	66
271	59
272	62
273	59
274	61
275	60
276	36
277	47
278	49
279	50
280	44
281	48
282	30
283	46
284	43
285	40
286	44
287	53
288	45
289	45
290	50
291	44
292	42
293	33
294	54
295	51
296	48
297	65
298	61
299	53
300	41
301	43
302	49
303	45
304	43
305	32
306	31
307	30
308	29
309	34
310	38
311	46
312	41
313	42
314	51
315	55
316	47
317	47
318	48
319	41
320	40
321	30
322	49
323	39
324	39
325	29
326	30
327	35
328	22
329	22
330	21
331	14
332	16
333	12
334	20
335	20
336	15
337	7
338	8
339	8
340	4
341	5
342	4
343	2
344	5
345	3
346	3
347	2
348	1
349	2
350	3
351	3
