	rho	scheduler	size	count
0.15	simple	0	850309
0.15	simple	1	99295
0.15	simple	2	34117
0.15	simple	3	12206
0.15	simple	4	3356
0.15	simple	5	626
0.15	simple	6	87
0.15	simple	7	4
0.15	ideal	0	850309
0.15	ideal	1	94735
0.15	ideal	2	31774
0.15	ideal	3	12337
0.15	ideal	4	5015
0.15	ideal	5	2533
0.15	ideal	6	1372
0.15	ideal	7	788
0.15	ideal	8	435
0.15	ideal	9	280
0.15	ideal	10	166
0.15	ideal	11	99
0.15	ideal	12	47
0.15	ideal	13	46
0.15	ideal	14	22
0.15	ideal	15	18
0.15	ideal	16	7
0.15	ideal	17	3
0.15	ideal	18	1
0.15	ideal	19	1
0.15	ideal	20	3
0.15	ideal	21	3
0.15	ideal	22	5
0.15	ideal	23	1
0.35	simple	0	651932
0.35	simple	1	192642
0.35	simple	2	91275
0.35	simple	3	42919
0.35	simple	4	15994
0.35	simple	5	4284
0.35	simple	6	824
0.35	simple	7	116
0.35	simple	8	14
0.35	ideal	0	651932
0.35	ideal	1	170350
0.35	ideal	2	73812
0.35	ideal	3	37984
0.35	ideal	4	21192
0.35	ideal	5	13384
0.35	ideal	6	9376
0.35	ideal	7	6325
0.35	ideal	8	4427
0.35	ideal	9	3140
0.35	ideal	10	2198
0.35	ideal	11	1623
0.35	ideal	12	1155
0.35	ideal	13	820
0.35	ideal	14	587
0.35	ideal	15	455
0.35	ideal	16	337
0.35	ideal	17	237
0.35	ideal	18	177
0.35	ideal	19	126
0.35	ideal	20	77
0.35	ideal	21	100
0.35	ideal	22	65
0.35	ideal	23	39
0.35	ideal	24	34
0.35	ideal	25	26
0.35	ideal	26	8
0.35	ideal	27	3
0.35	ideal	28	1
0.35	ideal	29	1
0.35	ideal	30	5
0.35	ideal	31	3
0.35	ideal	32	1
0.55	simple	0	449225
0.55	simple	1	231725
0.55	simple	2	152657
0.55	simple	3	97777
0.55	simple	4	48562
0.55	simple	5	16121
0.55	simple	6	3431
0.55	simple	7	460
0.55	simple	8	40
0.55	simple	9	2
0.55	ideal	0	449225
0.55	ideal	1	187457
0.55	ideal	2	99687
0.55	ideal	3	62970
0.55	ideal	4	43151
0.55	ideal	5	31187
0.55	ideal	6	24507
0.55	ideal	7	19446
0.55	ideal	8	15648
0.55	ideal	9	12522
0.55	ideal	10	10064
0.55	ideal	11	8121
0.55	ideal	12	6509
0.55	ideal	13	5310
0.55	ideal	14	4358
0.55	ideal	15	3487
0.55	ideal	16	2845
0.55	ideal	17	2326
0.55	ideal	18	1939
0.55	ideal	19	1641
0.55	ideal	20	1274
0.55	ideal	21	1044
0.55	ideal	22	839
0.55	ideal	23	703
0.55	ideal	24	582
0.55	ideal	25	518
0.55	ideal	26	446
0.55	ideal	27	395
0.55	ideal	28	314
0.55	ideal	29	226
0.55	ideal	30	171
0.55	ideal	31	148
0.55	ideal	32	151
0.55	ideal	33	151
0.55	ideal	34	133
0.55	ideal	35	104
0.55	ideal	36	72
0.55	ideal	37	62
0.55	ideal	38	67
0.55	ideal	39	35
0.55	ideal	40	32
0.55	ideal	41	30
0.55	ideal	42	22
0.55	ideal	43	16
0.55	ideal	44	13
0.55	ideal	45	12
0.55	ideal	46	5
0.55	ideal	47	6
0.55	ideal	48	6
0.55	ideal	49	5
0.55	ideal	50	1
0.55	ideal	51	1
0.55	ideal	52	6
0.55	ideal	53	2
0.55	ideal	54	2
0.55	ideal	55	6
0.75	simple	0	251863
0.75	simple	1	202569
0.75	simple	2	190718
0.75	simple	3	172235
0.75	simple	4	116227
0.75	simple	5	50520
0.75	simple	6	13452
0.75	simple	7	2153
0.75	simple	8	243
0.75	simple	9	20
0.75	ideal	0	251862
0.75	ideal	1	144805
0.75	ideal	2	91105
0.75	ideal	3	66735
0.75	ideal	4	51944
0.75	ideal	5	43400
0.75	ideal	6	37662
0.75	ideal	7	32802
0.75	ideal	8	29113
0.75	ideal	9	26073
0.75	ideal	10	23118
0.75	ideal	11	20650
0.75	ideal	12	18727
0.75	ideal	13	16588
0.75	ideal	14	14930
0.75	ideal	15	13308
0.75	ideal	16	11842
0.75	ideal	17	10614
0.75	ideal	18	9613
0.75	ideal	19	8567
0.75	ideal	20	7759
0.75	ideal	21	6898
0.75	ideal	22	6318
0.75	ideal	23	5688
0.75	ideal	24	5141
0.75	ideal	25	4587
0.75	ideal	26	4139
0.75	ideal	27	3616
0.75	ideal	28	3243
0.75	ideal	29	2937
0.75	ideal	30	2612
0.75	ideal	31	2341
0.75	ideal	32	2154
0.75	ideal	33	1930
0.75	ideal	34	1758
0.75	ideal	35	1620
0.75	ideal	36	1463
0.75	ideal	37	1301
0.75	ideal	38	1180
0.75	ideal	39	1129
0.75	ideal	40	987
0.75	ideal	41	925
0.75	ideal	42	719
0.75	ideal	43	625
0.75	ideal	44	518
0.75	ideal	45	491
0.75	ideal	46	479
0.75	ideal	47	384
0.75	ideal	48	355
0.75	ideal	49	331
0.75	ideal	50	292
0.75	ideal	51	234
0.75	ideal	52	198
0.75	ideal	53	205
0.75	ideal	54	203
0.75	ideal	55	182
0.75	ideal	56	174
0.75	ideal	57	180
0.75	ideal	58	163
0.75	ideal	59	117
0.75	ideal	60	100
0.75	ideal	61	95
0.75	ideal	62	105
0.75	ideal	63	76
0.75	ideal	64	82
0.75	ideal	65	69
0.75	ideal	66	67
0.75	ideal	67	44
0.75	ideal	68	42
0.75	ideal	69	37
0.75	ideal	70	35
0.75	ideal	71	41
0.75	ideal	72	29
0.75	ideal	73	29
0.75	ideal	74	30
0.75	ideal	75	23
0.75	ideal	76	13
0.75	ideal	77	16
0.75	ideal	78	10
0.75	ideal	79	8
0.75	ideal	80	9
0.75	ideal	81	4
0.75	ideal	82	2
0.95	simple	0	48352
0.95	simple	1	65183
0.95	simple	2	112272
0.95	simple	3	193775
0.95	simple	4	249138
0.95	simple	5	203857
0.95	simple	6	98327
0.95	simple	7	25551
0.95	simple	8	3342
0.95	simple	9	200
0.95	simple	10	3
0.95	ideal	0	48348
0.95	ideal	1	36793
0.95	ideal	2	27479
0.95	ideal	3	22815
0.95	ideal	4	20489
0.95	ideal	5	19211
0.95	ideal	6	18388
0.95	ideal	7	17715
0.95	ideal	8	17181
0.95	ideal	9	16765
0.95	ideal	10	16367
0.95	ideal	11	15972
0.95	ideal	12	15760
0.95	ideal	13	15509
0.95	ideal	14	15194
0.95	ideal	15	15047
0.95	ideal	16	14767
0.95	ideal	17	14173
0.95	ideal	18	13745
0.95	ideal	19	13402
0.95	ideal	20	13365
0.95	ideal	21	13135
0.95	ideal	22	12951
0.95	ideal	23	12571
0.95	ideal	24	12200
0.95	ideal	25	11945
0.95	ideal	26	11805
0.95	ideal	27	11395
0.95	ideal	28	10952
0.95	ideal	29	10718
0.95	ideal	30	10607
0.95	ideal	31	10361
0.95	ideal	32	10204
0.95	ideal	33	10074
0.95	ideal	34	9802
0.95	ideal	35	9550
0.95	ideal	36	9142
0.95	ideal	37	9299
0.95	ideal	38	8986
0.95	ideal	39	8637
0.95	ideal	40	8814
0.95	ideal	41	8702
0.95	ideal	42	8494
0.95	ideal	43	8092
0.95	ideal	44	7972
0.95	ideal	45	7802
0.95	ideal	46	7578
0.95	ideal	47	7606
0.95	ideal	48	7311
0.95	ideal	49	7216
0.95	ideal	50	7069
0.95	ideal	51	6820
0.95	ideal	52	6690
0.95	ideal	53	6591
0.95	ideal	54	6394
0.95	ideal	55	6257
0.95	ideal	56	6113
0.95	ideal	57	5843
0.95	ideal	58	5837
0.95	ideal	59	5885
0.95	ideal	60	5699
0.95	ideal	61	5585
0.95	ideal	62	5374
0.95	ideal	63	5316
0.95	ideal	64	5200
0.95	ideal	65	4963
0.95	ideal	66	4919
0.95	ideal	67	4760
0.95	ideal	68	4650
0.95	ideal	69	4656
0.95	ideal	70	4497
0.95	ideal	71	4280
0.95	ideal	72	4104
0.95	ideal	73	3940
0.95	ideal	74	3706
0.95	ideal	75	3643
0.95	ideal	76	3562
0.95	ideal	77	3601
0.95	ideal	78	3523
0.95	ideal	79	3495
0.95	ideal	80	3468
0.95	ideal	81	3185
0.95	ideal	82	3187
0.95	ideal	83	3214
0.95	ideal	84	3045
0.95	ideal	85	2892
0.95	ideal	86	2819
0.95	ideal	87	2779
0.95	ideal	88	2736
0.95	ideal	89	2577
0.95	ideal	90	2472
0.95	ideal	91	2377
0.95	ideal	92	2215
0.95	ideal	93	2142
0.95	ideal	94	2217
0.95	ideal	95	2162
0.95	ideal	96	2075
0.95	ideal	97	2116
0.95	ideal	98	2100
0.95	ideal	99	2114
0.95	ideal	100	2004
0.95	ideal	101	2017
0.95	ideal	102	1966
0.95	ideal	103	2033
0.95	ideal	104	1888
0.95	ideal	105	1969
0.95	ideal	106	1912
0.95	ideal	107	1899
0.95	ideal	108	1854
0.95	ideal	109	1886
0.95	ideal	110	1869
0.95	ideal	111	1859
0.95	ideal	112	1727
0.95	ideal	113	1703
0.95	ideal	114	1625
0.95	ideal	115	1628
0.95	ideal	116	1580
0.95	ideal	117	1572
0.95	ideal	118	1577
0.95	ideal	119	1530
0.95	ideal	120	1432
0.95	ideal	121	1382
0.95	ideal	122	1422
0.95	ideal	123	1390
0.95	ideal	124	1301
0.95	ideal	125	1238
0.95	ideal	126	1247
0.95	ideal	127	1302
0.95	ideal	128	1256
0.95	ideal	129	1215
0.95	ideal	130	1177
0.95	ideal	131	1164
0.95	ideal	132	1057
0.95	ideal	133	977
0.95	ideal	134	962
0.95	ideal	135	929
0.95	ideal	136	906
0.95	ideal	137	1006
0.95	ideal	138	1035
0.95	ideal	139	963
0.95	ideal	140	940
0.95	ideal	141	980
0.95	ideal	142	972
0.95	ideal	143	963
0.95	ideal	144	986
0.95	ideal	145	972
0.95	ideal	146	961
0.95	ideal	147	860
0.95	ideal	148	805
0.95	ideal	149	801
0.95	ideal	150	766
0.95	ideal	151	678
0.95	ideal	152	695
0.95	ideal	153	732
0.95	ideal	154	748
0.95	ideal	155	677
0.95	ideal	156	684
0.95	ideal	157	652
0.95	ideal	158	648
0.95	ideal	159	673
0.95	ideal	160	576
0.95	ideal	161	569
0.95	ideal	162	539
0.95	ideal	163	557
0.95	ideal	164	568
0.95	ideal	165	565
0.95	ideal	166	603
0.95	ideal	167	542
0.95	ideal	168	552
0.95	ideal	169	561
0.95	ideal	170	615
0.95	ideal	171	530
0.95	ideal	172	468
0.95	ideal	173	467
0.95	ideal	174	474
0.95	ideal	175	526
0.95	ideal	176	504
0.95	ideal	177	487
0.95	ideal	178	458
0.95	ideal	179	414
0.95	ideal	180	364
0.95	ideal	181	386
0.95	ideal	182	376
0.95	ideal	183	361
0.95	ideal	184	381
0.95	ideal	185	366
0.95	ideal	186	364
0.95	ideal	187	343
0.95	ideal	188	316
0.95	ideal	189	278
0.95	ideal	190	236
0.95	ideal	191	200
0.95	ideal	192	179
0.95	ideal	193	215
0.95	ideal	194	226
0.95	ideal	195	204
0.95	ideal	196	167
0.95	ideal	197	141
0.95	ideal	198	115
0.95	ideal	199	123
0.95	ideal	200	115
0.95	ideal	201	99
0.95	ideal	202	115
0.95	ideal	203	108
0.95	ideal	204	118
0.95	ideal	205	131
0.95	ideal	206	112
0.95	ideal	207	99
0.95	ideal	208	96
0.95	ideal	209	98
0.95	ideal	210	116
0.95	ideal	211	113
0.95	ideal	212	98
0.95	ideal	213	81
0.95	ideal	214	85
0.95	ideal	215	118
0.95	ideal	216	119
0.95	ideal	217	114
0.95	ideal	218	94
0.95	ideal	219	103
0.95	ideal	220	79
0.95	ideal	221	84
0.95	ideal	222	76
0.95	ideal	223	73
0.95	ideal	224	95
0.95	ideal	225	66
0.95	ideal	226	50
0.95	ideal	227	40
0.95	ideal	228	43
0.95	ideal	229	45
0.95	ideal	230	50
0.95	ideal	231	49
0.95	ideal	232	56
0.95	ideal	233	69
0.95	ideal	234	89
0.95	ideal	235	102
0.95	ideal	236	95
0.95	ideal	237	81
0.95	ideal	238	88
0.95	ideal	239	80
0.95	ideal	240	68
0.95	ideal	241	68
0.95	ideal	242	65
0.95	ideal	243	99
0.95	ideal	244	106
0.95	ideal	245	98
0.95	ideal	246	76
0.95	ideal	247	96
0.95	ideal	248	115
0.95	ideal	249	98
0.95	ideal	250	96
0.95	ideal	251	81
0.95	ideal	252	110
0.95	ideal	253	122
0.95	ideal	254	102
0.95	ideal	255	99
0.95	ideal	256	111
0.95	ideal	257	84
0.95	ideal	258	96
0.95	ideal	259	107
0.95	ideal	260	92
0.95	ideal	261	104
0.95	ideal	262	99
0.95	ideal	263	97
0.95	ideal	264	93
0.95	ideal	265	95
0.95	ideal	266	75
0.95	ideal	267	74
0.95	ideal	268	56
0.95	ideal	269	58
0.95	ideal	270	46
0.95	ideal	271	64
0.95	ideal	272	65
0.95	ideal	273	73
0.95	ideal	274	59
0.95	ideal	275	67
0.95	ideal	276	87
0.95	ideal	277	94
0.95	ideal	278	110
0.95	ideal	279	98
0.95	ideal	280	94
0.95	ideal	281	75
0.95	ideal	282	112
0.95	ideal	283	114
0.95	ideal	284	95
0.95	ideal	285	91
0.95	ideal	286	93
0.95	ideal	287	87
0.95	ideal	288	74
0.95	ideal	289	101
0.95	ideal	290	120
0.95	ideal	291	126
0.95	ideal	292	111
0.95	ideal	293	94
0.95	ideal	294	101
0.95	ideal	295	123
0.95	ideal	296	134
0.95	ideal	297	128
0.95	ideal	298	122
0.95	ideal	299	102
0.95	ideal	300	80
0.95	ideal	301	96
0.95	ideal	302	104
0.95	ideal	303	106
0.95	ideal	304	96
0.95	ideal	305	78
0.95	ideal	306	83
0.95	ideal	307	75
0.95	ideal	308	68
0.95	ideal	309	54
0.95	ideal	310	53
0.95	ideal	311	45
0.95	ideal	312	28
0.95	ideal	313	31
0.95	ideal	314	54
0.95	ideal	315	50
0.95	ideal	316	33
0.95	ideal	317	36
0.95	ideal	318	32
0.95	ideal	319	33
0.95	ideal	320	48
0.95	ideal	321	46
0.95	ideal	322	59
0.95	ideal	323	32
0.95	ideal	324	58
0.95	ideal	325	62
0.95	ideal	326	63
0.95	ideal	327	46
0.95	ideal	328	40
0.95	ideal	329	38
0.95	ideal	330	36
0.95	ideal	331	25
0.95	ideal	332	19
0.95	ideal	333	17
0.95	ideal	334	15
0.95	ideal	335	25
0.95	ideal	336	15
0.95	ideal	337	17
0.95	ideal	338	10
0.95	ideal	339	15
0.95	ideal	340	11
0.95	ideal	341	4
0.95	ideal	342	2
0.95	ideal	343	4
0.95	ideal	344	7
0.95	ideal	345	4
0.95	ideal	346	7
0.95	ideal	347	4
0.95	ideal	348	12
0.95	ideal	349	12
0.95	ideal	350	13
0.95	ideal	351	8
0.95	ideal	352	6
0.95	ideal	353	5
