1263.081
50 0
51 0.0141535984557327
52 0.0283071969114653
53 0.042460795367198
54 0.0566143938229306
55 0.0707679922786633
57 0.0849215907343959
58 0.0990751891901286
59 0.113228787645861
61 0.127382386101594
62 0.141535984557327
63 0.155689583013059
65 0.169843181468792
67 0.183996779924525
68 0.198150378380257
70 0.21230397683599
72 0.226457575291722
74 0.240611173747455
77 0.254764772203188
79 0.26891837065892
81 0.283071969114653
84 0.297225567570386
87 0.311379166026118
90 0.325532764481851
93 0.339686362937584
97 0.353839961393316
100 0.367993559849049
104 0.382147158304782
109 0.396300756760514
113 0.410454355216247
119 0.42460795367198
124 0.438761552127712
131 0.452915150583445
138 0.467068749039178
145 0.48122234749491
154 0.495375945950643
164 0.509529544406376
175 0.523683142862108
187 0.537836741317841
202 0.551990339773573
219 0.566143938229306
239 0.580297536685039
263 0.594451135140772
293 0.608604733596504
330 0.622758332052237
378 0.636911930507969
443 0.651065528963702
534 0.665219127419435
673 0.679372725875167
909 0.6935263243309
1400 0.707679922786633
1425 0.71341033713535
1450 0.719140751484068
1476 0.724871165832785
1503 0.730601580181503
1532 0.73633199453022
1561 0.742062408878938
1592 0.747792823227656
1623 0.753523237576373
1656 0.759253651925091
1691 0.764984066273808
1727 0.770714480622526
1764 0.776444894971243
1803 0.782175309319961
1844 0.787905723668679
1887 0.793636138017396
1932 0.799366552366114
1979 0.805096966714831
2028 0.810827381063549
2080 0.816557795412266
2134 0.822288209760984
2192 0.828018624109701
2252 0.833749038458419
2316 0.839479452807137
2384 0.845209867155854
2456 0.850940281504572
2533 0.856670695853289
2614 0.862401110202007
2701 0.868131524550724
2793 0.873861938899442
2893 0.87959235324816
2999 0.885322767596877
3114 0.891053181945595
3238 0.896783596294312
3372 0.90251401064303
3518 0.908244424991747
3676 0.913974839340465
3850 0.919705253689182
4042 0.9254356680379
4253 0.931166082386617
4487 0.936896496735335
4749 0.942626911084053
5043 0.94835732543277
5376 0.954087739781488
5757 0.959818154130205
6195 0.965548568478923
6705 0.97127898282764
7307 0.977009397176358
8028 0.982739811525076
8906 0.988470225873793
10000 0.994200640222511
10174 0.994308359446699
10355 0.994416078670888
10542 0.994523797895077
10736 0.994631517119266
10938 0.994739236343455
11146 0.994846955567643
11364 0.994954674791832
11589 0.995062394016021
11824 0.99517011324021
12069 0.995277832464399
12324 0.995385551688587
12590 0.995493270912776
12868 0.995600990136965
13158 0.995708709361154
13462 0.995816428585342
13780 0.995924147809531
14113 0.99603186703372
14463 0.996139586257909
14831 0.996247305482098
15217 0.996355024706286
15625 0.996462743930475
16055 0.996570463154664
16509 0.996678182378853
16990 0.996785901603042
17500 0.99689362082723
18041 0.997001340051419
18617 0.997109059275608
19231 0.997216778499797
19886 0.997324497723986
20588 0.997432216948174
21341 0.997539936172363
22152 0.997647655396552
23026 0.997755374620741
23973 0.99786309384493
25000 0.997970813069118
26119 0.998078532293307
27344 0.998186251517496
28689 0.998293970741685
30172 0.998401689965874
31818 0.998509409190062
33654 0.998617128414251
35714 0.99872484763844
38043 0.998832566862629
40698 0.998940286086818
43750 0.999048005311006
47297 0.999155724535195
51471 0.999263443759384
56452 0.999371162983573
62500 0.999478882207761
70000 0.99958660143195
71174 0.999594869403311
72389 0.999603137374672
73645 0.999611405346033
74946 0.999619673317394
76294 0.999627941288755
77691 0.999636209260116
79141 0.999644477231477
80645 0.999652745202838
82208 0.999661013174199
83832 0.99966928114556
85522 0.999677549116921
87282 0.999685817088282
89115 0.999694085059643
91027 0.999702353031004
93023 0.999710621002365
95109 0.999718888973726
97290 0.999727156945087
99573 0.999735424916448
101966 0.999743692887809
104478 0.99975196085917
107116 0.999760228830531
109890 0.999768496801892
112812 0.999776764773253
115894 0.999785032744614
119149 0.999793300715975
122592 0.999801568687336
126240 0.999809836658697
130112 0.999818104630058
134228 0.999826372601419
138614 0.99983464057278
143296 0.999842908544141
148305 0.999851176515502
153677 0.999859444486863
159453 0.999867712458224
165680 0.999875980429585
172414 0.999884248400946
179718 0.999892516372307
187668 0.999900784343668
196353 0.999909052315029
205882 0.99991732028639
216383 0.999925588257751
228013 0.999933856229112
240964 0.999942124200473
255474 0.999950392171834
271845 0.999958660143195
290456 0.999966928114556
311804 0.999975196085917
336538 0.999983464057278
365535 0.999991732028639
400000 1.0
