1001.269
1 0
2 0.276695094911062
3 0.461158491518437
4 0.553390189822125
7 0.645621888125812
32 0.7378535864295
34 0.745291626615281
37 0.752729666801062
39 0.760167706986844
43 0.767605747172625
47 0.775043787358406
51 0.782481827544188
57 0.789919867729969
64 0.79735790791575
68 0.801076929168975
73 0.8047959504222
79 0.808514971675425
85 0.81223399292865
93 0.815953014181875
102 0.8196720354351
114 0.823391056688325
128 0.82711007794155
137 0.830829097454273
146 0.834548116966997
158 0.83826713647972
171 0.841986155992444
186 0.845705175505167
205 0.84942419501789
228 0.853143214530614
256 0.856862234043337
273 0.867089539878954
293 0.87731684571457
315 0.887544151550187
341 0.897771457385803
372 0.907998763221419
410 0.918226069057036
455 0.928453374892652
512 0.938680680728268
546 0.94146994608802
585 0.944259211447771
630 0.947048476807523
683 0.949837742167275
745 0.952627007527026
819 0.955416272886778
910 0.958205538246529
1024 0.960994803606281
1092 0.962621875187004
1170 0.964248946767727
1260 0.965876018348451
1365 0.967503089929174
1489 0.969130161509897
1638 0.97075723309062
1820 0.972384304671344
2048 0.974011376252067
2185 0.97494112967983
2341 0.975870883107593
2521 0.976800636535356
2731 0.977730389963119
2979 0.978660143390881
3277 0.979589896818645
3641 0.980519650246407
4096 0.98144940367417
4369 0.982495379815797
4681 0.983541355957424
5041 0.984587332099051
5461 0.985633308240678
5958 0.986679284382305
6554 0.987725260523932
7282 0.988771236665559
8192 0.989817212807186
8738 0.990543583919079
9362 0.991269955030972
10082 0.991996326142864
10923 0.992722697254757
11916 0.99344906836665
13107 0.994175439478542
14564 0.994901810590435
16384 0.995628181702328
17476 0.995831565649918
18725 0.996034949597509
20165 0.996238333545099
21845 0.99644171749269
23831 0.99664510144028
26214 0.99684848538787
29127 0.997051869335461
32768 0.997255253283051
34953 0.997356945030219
37449 0.997458636777386
40330 0.997560328524553
43691 0.997662020271721
47663 0.997763712018888
52429 0.997865403766056
58254 0.997967095513223
65536 0.99806878726039
69905 0.998206797812443
74898 0.998344808364496
80660 0.998482818916548
87381 0.998620829468601
95325 0.998758840020654
104858 0.998896850572706
116508 0.999034861124759
131072 0.999172871676811
139810 0.999220057511402
149797 0.999267243345993
161319 0.999314429180584
174763 0.999361615015175
190650 0.999408800849766
209715 0.999455986684356
233017 0.999503172518947
262144 0.999550358353538
279620 0.999587599023663
299593 0.999624839693787
322639 0.999662080363911
349525 0.999699321034036
381300 0.99973656170416
419430 0.999773802374285
466034 0.999811043044409
524288 0.999848283714533
595518 0.999867248250217
689145 0.9998862127859
817704 0.999905177321583
1005228 0.999924141857267
1304357 0.99994310639295
1856928 0.999962070928633
3221790 0.999981035464317
12158197 1
