1    0   400000   0.0
2    0   370000   0.000010
3    0   40000    0.000010
4    0   410000   0.000010
5    0   15000    0.000010
5    2   1000     0.0000005
5    2   1000     0.0000005
5    2   1000     0.0000005
5    2   1000     0.0000005
5    2   1000     0.0000005
5    2   1000     0.0000005
5    2   1000     0.0000005
5    2   1000     0.0000005
5    2   1000     0.0000005
5    2   1000     0.0000005
5    2   1000     0.0000005
5    2   1000     0.0000005
5    2   1000     0.0000005
5    2   1000     0.0000005
6    0   375000   0.000345
6    2   2000     0.000010
1    3   2000     0.0
6    2   2000     0.0000005
1    3   2000     0.0
6    2   2000     0.0000005
1    3   2000     0.0
6    2   2000     0.0000005
1    3   2000     0.0
6    2   2000     0.0000005
1    3   2000     0.0
6    2   2000     0.0000005
1    3   2000     0.0
6    2   2000     0.0000005
1    3   2000     0.0
6    2   2000     0.0000005
1    3   2000     0.0
6    2   2000     0.0000005
1    3   2000     0.0
6    2   2000     0.0000005
1    3   2000     0.0
6    2   2000     0.0000005
1    3   2000     0.0
6    2   2000     0.0000005
1    3   2000     0.0
6    2   2000     0.0000005
1    3   2000     0.0
6    2   2000     0.0000005
1    3   2000     0.0
6    2   2000     0.0000005
1    3   2000     0.0
6    2   2000     0.0000005
1    3   2000     0.0
6    2   2000     0.0000005
1    3   2000     0.0
6    2   2000     0.0000005
1    3   2000     0.0
6    2   2000     0.0000005
1    3   2000     0.0
6    2   2000     0.0000005
1    3   2000     0.0
6    2   2000     0.0000005
1    3   2000     0.0
6    2   2000     0.0000005
1    3   2000     0.0
6    2   2000     0.0000005
1    3   2000     0.0
6    2   2000     0.0000005
1    3   2000     0.0
6    2   2000     0.0000005
1    3   2000     0.0
6    2   2000     0.0000005
1    3   2000     0.0
6    2   2000     0.0000005
1    3   2000     0.0
6    2   2000     0.0000005
1    3   2000     0.0
6    2   2000     0.0000005
1    3   2000     0.0
6    2   2000     0.0000005
1    3   2000     0.0
6    2   2000     0.0000005
1    3   2000     0.0
6    2   2000     0.0000005
1    3   2000     0.0
6    2   2000     0.0000005
1    3   2000     0.0
6    2   2000     0.0000005
1    3   2000     0.0
6    2   2000     0.0000005
1    3   2000     0.0
6    2   2000     0.0000005
1    3   2000     0.0
6    2   2000     0.0000005
1    3   2000     0.0
6    2   2000     0.0000005
1    3   2000     0.0
6    2   2000     0.0000005
1    3   2000     0.0
7    0   400000   0.000350
8    0   450000   0.0
7    0   20000    0.000060
2    0   20000    0.000030
4    0   200000   0.0
